k:3
percentage_correct_keys: 0.0%
percentage_correct_order: 33.33333333333333%
k:5
percentage_correct_keys: 0.0%
percentage_correct_order: 20.0%
k:11
percentage_correct_keys: 36.36363636363637%
percentage_correct_order: 72.72727272727273%
