en: 0.03456745386123657
es: 0.06072626829147339
fr: 0.02892474889755249
