en: 0.023666908740997316
es: 0.04271533966064453
fr: 0.016378157138824463
