en: 0.06228184700012207
es: 0.10422873497009277
fr: 0.03907585144042969
