en: 0.04105043411254883
es: 0.07059669494628906
fr: 0.025957822799682617
